DE
     1.00E-09   1.00E-08    2.50E-08    1.00E-07    2.00E-07    5.00E-07
     1.00E-06   2.00E-06    5.00E-06    1.00E-05    2.00E-05    5.00E-05
     1.00E-04   2.00E-04    5.00E-04    1.00E-03    2.00E-03    5.00E-03
     1.00E-02   2.00E-02    3.00E-02    5.00E-02    7.00E-02    1.00E-01
     1.50E-01   2.00E-01    3.00E-01    5.00E-01    7.00E-01    9.00E-01
     1.00E+00   1.20E+00    1.50E+00    2.00E+00    3.00E+00    4.00E+00
     5.00E+00   6.00E+00    7.00E+00    8.00E+00    9.00E+00    1.00E+01
     1.20E+01   1.40E+01    1.50E+01    1.60E+01    1.80E+01    2.00E+01
     2.10E+01   3.00E+01    5.00E+01    7.50E+01    1.00E+02    1.30E+02
     1.50E+02   1.80E+02    2.00E+02    3.00E+02    4.00E+02    5.00E+02
     6.00E+02   7.00E+02    8.00E+02    9.00E+02    1.00E+03    2.00E+03
     5.00E+03   1.00E+04
DF     $ microSv/h  per n/cm2/s
     1.11E-02   1.28E-02    1.44E-02    1.87E-02    2.11E-02    2.37E-02
     2.53E-02   2.66E-02    2.78E-02    2.82E-02    2.82E-02    2.82E-02
     2.80E-02   2.78E-02    2.71E-02    2.71E-02    2.74E-02    2.87E-02
     3.28E-02   4.39E-02    5.65E-02    8.28E-02    1.10E-01    1.51E-01
     2.18E-01   2.84E-01    4.10E-01    6.37E-01    8.35E-01    1.00E+00
     1.08E+00   1.19E+00    1.31E+00    1.47E+00    1.65E+00    1.74E+00
     1.78E+00   1.79E+00    1.80E+00    1.80E+00    1.80E+00    1.80E+00
     1.80E+00   1.78E+00    1.77E+00    1.76E+00    1.74E+00    1.72E+00
     1.71E+00   1.63E+00    1.56E+00    1.58E+00    1.60E+00    1.61E+00
     1.61E+00   1.61E+00    1.61E+00    1.67E+00    1.79E+00    1.92E+00
     2.05E+00   2.16E+00    2.24E+00    2.30E+00    2.35E+00    2.76E+00
     3.64E+00   4.75E+00