DE
     1.00E-02   1.50E-02    2.00E-02    3.00E-02    4.00E-02    5.00E-02
     6.00E-02   7.00E-02    8.00E-02    1.00E-01    1.50E-01    2.00E-01
     3.00E-01   4.00E-01    5.00E-01    5.11E-01    6.00E-01    6.62E-01
     8.00E-01   1.00E+00    1.12E+00    1.33E+00    1.50E+00    2.00E+00
     3.00E+00   4.00E+00    5.00E+00    6.00E+00    6.13E+00    8.00E+00
     1.00E+01   1.50E+01    2.00E+01    3.00E+01    4.00E+01    5.00E+01
     6.00E+01   8.00E+01    1.00E+02    1.50E+02    2.00E+02    3.00E+02
     4.00E+02   5.00E+02    6.00E+02    8.00E+02    1.00E+03    1.50E+03
     2.00E+03   3.00E+03    4.00E+03    5.00E+03    6.00E+03    8.00E+03    
     1.00E+04
DF     $ microSv/h  per n/cm2/s
     2.47E-04   5.62E-04    8.10E-04    1.13E-03    1.26E-03    1.33E-03
     1.40E-03   1.49E-03    1.60E-03    1.87E-03    2.69E-03    3.60E-03
     5.44E-03   7.20E-03    8.89E-03    9.07E-03    1.05E-02    1.14E-02
     1.34E-02   1.62E-02    1.76E-02    2.01E-02    2.20E-02    2.69E-02
     3.51E-02   4.21E-02    4.82E-02    5.40E-02    5.47E-02    6.70E-02
     7.92E-02   1.09E-01    1.38E-01    1.85E-01    2.23E-01    2.60E-01
     2.95E-01   3.52E-01    3.96E-01    4.68E-01    5.15E-01    5.80E-01
     6.19E-01   6.48E-01    6.70E-01    7.02E-01    7.24E-01    7.63E-01
     7.92E-01   8.35E-01    8.75E-01    9.04E-01    9.29E-01    9.65E-01   
     9.94E-01
     
